35.89460580461987 -49.89704575179181 33
-57.450976930927276 -33.60907820636358 41
33.52782678320048 56.63200684538041 51
10.4061435513014 -50.23926570722976 63
56.564900411688996 -22.86209096939143 67
55.23544965302168 -6.5553494315190175 71
-54.196721301168516 -16.925007768960395 75
-69.27775343516777 -20.331818431616334 77
-35.3850587865305 -44.5431287864866 79
-41.26892214954701 -60.06207160697676 81
-19.812107014088653 -46.02280060114382 85
48.64128701142052 20.19623637523939 87
64.66823932376049 25.39502698757873 89
50.091656888418996 37.590596027897284 91
38.74888469319871 25.254074280286932 93
22.526243484113674 59.21026709362193 95
11.997331719135458 70.91415317558923 97
-21.150524582921097 54.5269612843364 99
-36.63756321936989 62.156644915486936 101
-47.71202634977496 46.610721759611096 103
-34.23341184323362 44.479766627405326 105
-67.80712204651559 26.08440587794267 107
-57.51343636520642 18.77851687471874 109
-58.16376985286921 8.970251664762905 111
-39.453388318704384 20.973814177977456 113
17.393899083139353 -73.26611875462822 115
24.789272601067776 -60.38649177389162 117
70.7228460565124 -21.676774322063423 119
79.21249042001773 -12.633334154149328 121
33.32814427767297 -21.925304803189842 125
-12.801016252999222 -76.88829631864292 127
-20.35540218307279 -62.9862555119735 129
18.89274382521893 -18.959969497981156 131
22.14672272242788 -24.28353109216347 133
10.973633243269258 -15.746487921464857 134
-10.095216290515083 -18.73309091734432 135
10.155894283305724 18.98543557550082 136
-11.85275146153444 16.24041745880906 137
22.844595429130628 -30.65253814710666 138
31.105673251407158 -19.337165128906523 139
-32.23815954216809 -26.85634917053953 140
-21.03796943675948 -34.818554167053556 141
28.55911191529019 28.181910306256928 142
21.16390076556314 38.172493782078874 143
-26.949357266420527 30.2929171885534 144
-32.31440004125167 20.909170105491896 145
22.314696761301292 -44.237651103983545 146
29.818265088171305 -44.85457310153771 147
47.13591240574557 -17.90547437181543 148
43.272906482710205 -14.623486490360456 149
-50.030409117254166 -23.948501583285314 150
-50.86843171711665 -29.927797356377003 151
-27.369459414186966 -45.5096960276082 152
-19.134952425771885 -45.91068299428185 153
43.46895716243445 26.675484407196265 154
38.391236714182156 30.32145367108346 155
27.77191987385766 52.50306162926826 156
19.777143659057195 53.96086077840797 157
-29.43316488542204 44.229910098032754 158
-34.19711267747395 39.79217109187988 159
-47.56357458212572 20.91597055332803 160
-43.34893696411129 16.524134625550758 161
15.646806351090621 -49.45123373195662 162
20.340678114852523 -54.57990150448718 163
55.28632260345216 -20.74584264906948 164
62.40932667014947 -16.630840937214796 165
50.75859130108314 -9.310483998678297 166
41.58029145956534 -15.235424767780076 167
-54.98582651618541 -19.287747214570295 168
-62.526342583185034 -20.991152545898267 169
-34.119235661207824 -46.69579717114226 170
-37.061167342716075 -54.455268581387344 171
-15.189937790369726 -58.72972509897778 172
-18.098252786571813 -47.83662004514452 173
49.38638303616025 22.57712786405985 174
57.399859192330226 25.176523170229522 175
45.033847526407186 34.92027695427599 176
39.36246142879705 28.752016080470817 177
20.032258918856616 59.37893611864088 178
14.767803036367507 65.23087915962452 179
-24.911821371996503 52.44089101045661 180
-32.655340690220896 56.25573282603188 181
-42.956520047475344 44.04503224194109 182
-36.21721279420467 42.9795546758382 183
-61.00548702566628 24.289420845616526 184
-55.85864418501169 20.63647634400456 185
-51.969173310828666 11.34050781124937 186
-42.613982543746246 17.342289067856647 187
18.59389308098228 -66.88136000345955 188
22.291579839946493 -60.441546513091254 189
70.766877300798 -18.154430933872742 190
75.01169948255067 -13.632710849915695 191
32.23693181913607 -19.544692731798005 192
35.10349712382951 -20.165267886456206 193
-13.398246637341849 -72.34865351372663 194
-17.17543960237863 -65.39763311039192 195
23.2438787467525 -19.822061995927296 196
24.870868195356977 -22.483842793018454 197
